n,pts_time,fps,frame_idx
